16.546174
12.444874
18.237362
21.260836
11.169588
17.287070
18.687527
20.134877
20.941658
25.690051
19.303507
16.412505
19.602583
19.759652
27.151227
23.618785
20.115643
26.003531
21.829006
18.411653
23.837857
16.066291
28.366285
24.577888
16.959767
22.821065
22.910098
17.475086
22.385166
16.096142
17.437363
22.955046
21.287917
26.715247
24.933238
18.951148
23.737532
22.848197
19.912974
35.643892
17.966049
10.731328
15.364311
13.660445
20.753392
21.621761
15.178386
19.097206
23.222009
26.693217
10.547891
21.571680
25.655319
19.849798
16.362682
16.013931
19.484780
25.759187
22.768691
18.753410
19.773554
21.691155
13.265598
25.327916
22.242954
26.649121
23.918891
19.966086
27.180760
20.937166
13.046212
22.615622
18.658428
18.291117
11.412651
20.445224
15.654260
20.400406
20.132754
21.577101
26.742837
11.216303
15.660777
21.461785
26.698954
22.829168
24.442168
25.759591
21.534435
24.136121
22.578905
29.278636
20.143322
13.615288
22.843446
20.743876
18.852839
24.087293
15.426877
23.846595
16.122141
14.715512
10.198955
15.719634
13.890424
21.455602
27.990164
18.901288
25.835978
22.721919
23.694971
17.654243
11.902919
23.237666
20.801869
7.061401
23.838120
23.103501
18.406101
24.214663
25.800707
16.355955
16.477998
17.726797
13.914335
30.021592
33.452266
25.358690
21.403849
18.633204
26.346320
22.580939
28.230414
24.347261
17.191137
19.784593
14.707554
21.382383
20.034802
20.340345
32.026970
17.787954
23.148108
21.163674
17.925708
18.788373
21.003888
18.749882
22.246583
19.676920
21.190608
15.104850
20.121377
24.349986
24.878170
27.278411
21.447516
23.436069
12.527545
16.588182
21.225558
12.700087
21.264756
20.248255
23.281355
26.308911
10.920276
13.986527
23.374536
16.615018
15.075673
19.819105
20.829551
18.042672
16.253371
21.600864
20.994310
27.355493
22.529397
24.181455
18.136895
20.669795
9.845219
19.496563
13.129213
12.411046
19.370227
28.475163
31.406902
13.658776
12.734435
18.801654
14.092480
26.643436
25.271812
17.938977
25.960693
10.470604
27.712323
21.334666
22.242983
25.745670
29.730620
23.981620
20.250639
16.646030
14.063268
19.174674
25.201396
19.934049
24.069771
17.065816
22.170941
21.483135
20.081843
28.173760
20.694770
15.230937
23.283655
24.459721
24.521606
19.965046
18.650256
19.925089
12.364183
20.080837
18.997102
19.113184
11.757237
14.967841
21.044962
21.559130
27.676792
16.615501
25.627544
17.759946
20.040509
22.168586
20.216954
21.628762
16.034647
15.727625
23.274789
17.933491
22.677262
21.569747
12.846226
12.733492
17.445047
20.961487
16.016270
27.384901
17.788901
21.727513
19.784578
18.454495
26.244356
33.962803
16.354917
15.366557
21.172460
13.829662
16.324890
17.489347
12.436635
14.809925
26.079351
24.784491
18.235012
20.332902
16.046295
34.045812
25.656453
23.602743
21.170108
22.622293
17.006040
12.472694
24.457647
32.456722
20.264241
19.196101
16.634159
31.778754
22.601598
10.865677
13.514030
20.848170
16.203655
19.741987
27.498243
14.319084
26.603828
33.784494
34.623092
24.793921
32.787909
17.615179
19.570681
28.300870
20.783209
19.280917
14.480713
28.515392
21.078903
29.781547
13.999847
17.223998
15.609426
26.909924
16.464139
18.874149
12.140901
25.846870
21.995966
13.215878
24.953943
15.779794
12.768503
24.114031
15.134907
27.814081
15.294689
20.492123
17.648989
19.926361
14.638778
25.457760
24.942928
15.015319
19.708358
18.462855
15.822949
21.194051
14.971265
16.675125
22.821062
18.116433
27.377363
20.763457
17.055078
21.445563
28.685591
24.470109
8.953742
14.546150
18.384203
26.033245
18.797510
19.434094
18.354932
12.680715
15.782586
19.082772
28.768209
30.340745
26.765036
24.792409
13.390886
30.869607
19.599490
19.493408
19.626712
21.636718
22.908749
16.260222
13.185346
26.424848
26.742021
29.408547
19.221046
16.778396
21.065404
23.822279
23.896623
12.832746
13.816549
16.105017
20.747480
24.571726
16.480367
30.713771
15.218672
32.371541
13.594099
21.680975
22.891646
20.382832
22.344450
23.834614
21.707670
23.005750
23.576915
25.293579
18.863181
24.615177
23.967599
23.426266
14.512881
19.953888
29.860670
16.804619
24.223248
18.167617
20.510284
16.358231
23.958764
24.904997
14.550225
20.267702
37.978391
21.900652
17.181323
23.327588
17.017785
14.525827
15.203876
13.926381
21.376868
21.395348
21.156766
20.528270
21.184092
27.105111
23.524606
20.635719
15.977520
23.583775
17.024589
18.999863
13.279386
7.684841
25.974036
10.050309
14.524222
27.016605
21.242193
17.727061
12.839219
20.154445
17.866613
18.498912
15.283595
15.992754
19.510622
16.115343
17.417061
17.449929
18.809335
15.374736
13.289840
20.044746
18.703401
25.887544
25.057442
14.488466
23.119492
26.907763
18.933271
20.229422
15.048199
21.260695
16.141128
23.565617
15.387908
22.416106
17.511302
15.111414
20.110635
15.164537
8.930272
24.230418
16.923860
21.645857
14.915730
19.347319
13.368927
18.158007
14.022968
25.194218
27.404083
26.183976
18.367408
23.739260
18.000485
21.496433
15.857651
17.502442
22.306509
22.794533
21.084177
18.427528
21.544169
27.126067
9.371723
24.361185
24.157651
20.074324
20.340710
21.805106
